  4.97804487e+00  1.72506746e+00
  6.31050744e+00 -1.37946759e+00
 -3.35713914e+00  4.72560176e+00
  6.13180731e+00  1.00345591e+00
  7.89667337e+00  1.72244624e-01
  5.50744464e+00  2.87727734e+00
  9.53065164e-01 -5.43071127e+00
  1.26566361e+00 -2.87659904e+00
  1.44686534e+00  6.56410678e+00
  7.06103720e+00 -6.30804547e+00
  2.71240242e-01  4.20683168e+00
  9.01762090e+00 -8.09865629e+00
  8.30587822e+00 -2.64878369e+00
  9.71811099e+00 -7.80968137e+00
  3.30557341e+00  6.11047715e+00
  6.35024176e+00 -3.21623416e+00
  8.82336491e-01 -6.90013140e+00
 -2.80591827e+00  6.83167793e+00
  4.66135253e+00  5.31963873e+00
 -3.36374497e+00  6.61343493e+00
  6.98431470e+00 -6.68302366e+00
  6.51542593e+00  2.12038069e+00
 -3.74920619e+00  6.99730625e+00
 -2.78703516e+00  7.24605080e+00
  2.76428859e-01 -8.89844100e+00
  1.44551852e+00 -2.59969634e+00
 -1.58350111e+00 -1.23078506e+00
  2.18111565e+00 -1.99458813e+00
  7.17657800e+00  2.88520928e-01
  2.27231416e-01 -6.63014166e+00
  7.13461700e-01  9.04833155e+00
 -2.37849491e+00  6.49748620e+00
 -8.05619276e-01  5.71146493e+00
  3.13515909e+00  4.60110473e+00
 -3.60041391e+00  6.69397772e+00
  4.76131089e+00 -1.94575287e+00
  8.02812096e+00 -6.01884093e+00
  2.16103625e+00 -2.44825659e+00
  3.56584159e+00 -4.62677869e+00
 -3.85337077e+00  3.91973125e+00
  2.91393689e+00  9.18266169e+00
 -9.93370158e-01  8.73587786e+00
  7.36499369e-01 -2.06439332e+00
  2.58025366e+00  4.02484273e+00
  1.46975818e+00  4.96163603e+00
  4.44297894e+00 -4.61389506e+00
 -4.17337211e-01 -2.65339104e+00
 -1.68838011e-01 -1.90077722e+00
  1.01157666e+00  1.02667353e+01
  6.12599367e+00 -2.33076614e+00
 -3.97850432e+00  6.73149122e+00
 -7.85854640e-01 -3.34525525e+00
  8.18906377e+00 -5.49145724e+00
  6.76915005e+00  2.50254481e+00
 -1.65976968e+00 -1.89101769e+00
  1.06905507e+00  7.59976142e+00
  8.10611671e-01 -6.39496140e+00
 -3.04897815e+00  5.72245242e+00
  1.67904860e+00 -7.58354794e+00
  7.61448432e+00 -5.82888233e+00
  5.90886382e+00 -3.14165328e+00
  7.75676469e+00 -6.55787336e+00
  8.98503460e+00  1.66800530e+00
  6.85091577e+00 -2.66958736e+00
  6.29946348e+00 -1.88264877e+00
  1.54375082e+00 -7.16348022e+00
  8.13865852e+00 -8.08466462e+00
  1.56707185e+00  5.40290352e+00
 -2.07227204e+00 -8.40211540e-01
 -1.38597041e+00 -3.35087106e+00
 -3.86751352e-01 -3.54546335e+00
 -2.16552802e+00 -1.45746714e+00
  4.77371272e+00  6.12618659e+00
  6.10106715e+00  3.25758979e+00
  3.43711948e+00  3.70842374e+00
  1.30145173e+00  8.14123832e+00
  1.99358939e+00  7.70603532e+00
  2.45127674e+00 -4.18079838e+00
  7.75118481e+00 -2.04830289e+00
 -2.43269355e+00  3.78601232e+00
  8.22338037e+00 -6.68096309e+00
  8.53894978e-01 -3.20386118e+00
  7.54594513e+00 -3.29951423e+00
 -2.38060935e-01 -2.58504802e+00
  5.87807357e+00  1.40974738e+00
 -2.77638492e+00  5.80476214e+00
  2.76673751e+00  5.06356154e+00
  4.66517593e+00 -3.51076921e+00
  8.46959318e+00  2.85720447e+00
  6.86191932e+00 -5.17550769e+00
  1.02876678e+01 -6.59986683e+00
  6.64844659e+00 -3.61946094e+00
  9.32028672e+00 -6.52543592e+00
  1.08820875e+00  8.40452416e+00
  9.57732891e+00 -6.24926545e+00
  4.75898647e+00 -4.36053062e+00
  8.54772518e+00 -7.03631500e+00
  4.31908898e+00 -4.21846743e+00
  8.24184226e-01  4.84706017e+00
  6.81080219e+00 -6.49865207e+00
  2.71503288e-01  5.86437096e+00
 -2.86252618e+00  6.88897184e+00
  5.81945133e+00 -3.10877171e+00
  1.28075025e+00  1.08195318e+01
  5.76030565e+00 -6.79963155e-01
  5.11055812e+00 -3.24627441e+00
 -2.69139062e+00  5.18885956e+00
  8.72317532e-01 -2.72494071e+00
  1.11748077e+00  6.30137730e+00
  6.81289162e+00 -8.36114791e+00
  2.10378993e+00 -3.50788476e+00
  8.41329194e-01  9.40437529e+00
  1.01108546e+00  6.15070010e+00
  3.85474470e+00 -6.56689497e+00
  7.15361078e+00 -1.73341859e+00
  6.23268757e-02 -7.97825593e+00
  9.27053985e-01  8.04198055e+00
  8.49971588e+00 -6.89269023e+00
  4.87588868e-01  5.91663775e+00
  8.58004098e+00 -6.18551633e+00
  7.29884772e+00 -6.77937423e+00
  9.03421290e+00 -5.57801894e+00
  2.84911087e+00 -3.18991420e+00
  8.83790345e+00 -6.93044983e+00
  5.09911771e+00 -4.08133064e+00
 -2.95828112e+00  6.72490606e+00
 -3.77343420e+00  4.52867330e+00
  3.36680167e+00  4.71176891e+00
  4.19465461e+00 -4.17741680e+00
  8.87723879e+00  2.35990244e+00
  5.09377684e-01  6.54568537e+00
  9.65260052e-01 -6.83762347e+00
  1.99284744e+00  7.11483225e+00
 -3.39161423e+00  5.84629849e+00
  3.01987747e+00 -2.25834065e+00
  7.25446311e+00  3.82183988e-01
  7.28745669e+00  2.26899094e+00
  6.11758323e+00 -2.45191110e+00
  7.62947806e+00 -5.97669065e+00
  6.82513774e+00  6.90368225e-02
  2.08015547e+00 -3.24483253e+00
  1.68513960e+00  4.76504482e+00
  6.92476303e+00  2.78925439e+00
  5.45734015e+00  5.36141481e-01
  4.89950726e-02 -1.50016403e+00
 -5.23819842e-01 -6.02965002e-01
  4.23996416e-02 -2.38186921e+00
  1.84119765e-01 -3.36838659e+00
  2.76919856e-01 -6.25265100e+00
  1.77567395e+00  4.39433457e+00
  2.02067367e+00  5.14252017e+00
  7.33160793e+00  3.58939877e-01
  2.63329832e+00  5.08223138e+00
  7.49653883e+00 -7.30701529e+00
  6.39822451e+00 -4.33723163e-01
  4.43157908e+00 -4.54672720e+00
  9.22342857e-01 -3.61313476e+00
  7.42409547e+00  1.03956123e+00
  3.80379201e+00  3.17532549e+00
  1.57357998e+00  1.06789257e+01
  4.17327711e+00 -2.04093237e+00
 -4.45972593e-01 -2.62032898e+00
  4.55347218e+00  4.57464944e+00
  7.57304310e+00 -6.74708288e+00
  3.22855539e-04  5.46373055e+00
  1.58965861e-01  6.56567081e+00
  4.38924754e+00 -3.32167430e+00
 -1.98544910e+00  4.83877918e+00
  8.61274032e-01 -7.45783070e+00
  6.36542310e-02 -2.31005676e+00
  1.41225785e+00  6.15632584e+00
  7.29217712e+00  2.50270163e+00
  1.57739469e+00  2.58917351e-01
  3.94619180e+00  6.60131392e+00
  5.81355917e+00 -3.92266220e+00
  5.92980170e-01 -2.07442454e+00
  4.04359119e+00  3.43941950e+00
  8.32270036e-01  8.87713033e+00
  7.32451014e+00 -5.57507766e+00
  7.57753809e+00 -3.73472592e+00
 -2.92134528e+00  7.39784181e+00
  7.56534306e-01 -7.67494231e+00
  2.74936481e+00 -3.56379375e+00
  8.13978489e-01 -5.51168475e+00
 -1.89672298e+00  5.94216708e+00
 -3.39092162e+00  4.86694109e+00
  2.15764432e+00  8.94566261e+00
  3.37216514e+00 -2.84604707e+00
  1.96973600e+00  7.40559750e+00
 -1.62231865e+00 -2.15394283e+00
  6.86364504e+00 -7.29502468e+00
  4.18453005e-01 -8.09876340e+00
  6.40383975e+00  1.70894456e+00
  2.55350694e+00  4.27542914e+00
  2.96909176e+00  4.12383401e+00
  3.41983298e+00  5.52612566e+00
  2.29416477e+00 -7.75885850e+00
  1.81934654e+00 -5.47492985e+00
 -4.74731242e+00  4.94933842e+00
  2.67308914e+00  8.90189544e+00
 -8.74885896e-01 -1.40302569e+00
  1.37500504e+00 -7.42400584e+00
  2.40159434e+00 -5.05853072e+00
  3.97843736e+00  5.23963072e+00
  5.62719667e-01  6.23100593e+00
  6.86198224e+00 -1.77574382e+00
  8.09822149e+00 -5.51722977e+00
  6.92973633e+00  3.01655996e+00
 -2.42757738e+00  6.16364094e+00
  6.60545500e+00 -3.22643388e+00
  1.52622474e+00  4.63941082e+00
  3.91622934e+00  4.22846513e+00
  6.93700897e+00 -2.68615302e+00
  4.77361130e+00  3.39984928e+00
  2.51904842e+00 -4.65466942e+00
  4.32406933e+00  4.10114471e+00
  3.52439139e+00 -4.43890447e+00
 -1.60493718e+00 -3.91704846e+00
 -1.89912493e+00 -9.64614557e+00
  6.52017839e+00  1.05875246e+00
 -7.59255845e-01 -7.22049437e+00
 -7.44562535e-02  6.27012444e+00
 -6.29005492e-01 -8.39735651e+00
  3.51847068e+00 -5.09051969e+00
 -3.02892217e+00  4.64648134e+00
  1.61122835e+00 -8.89667709e+00
  7.63908659e+00  1.24906609e+00
 -8.36489451e-02  4.57927551e+00
  1.01026844e+00  9.72368690e+00
  5.96201744e+00  2.02575536e-02
  3.49602213e-01  4.55434365e+00
  5.64437477e+00 -3.37344478e+00
  6.25124600e+00 -1.78192490e+00
 -2.55165987e+00  4.79769669e+00
  6.58291562e+00  9.93089878e-01
  3.54763846e-01 -8.68053968e+00
  5.50342746e+00  2.74023963e+00
  1.90308583e-01 -8.00077050e+00
 -7.51795545e-02  9.07204815e+00
 -4.33424620e-01  7.10516323e+00
  1.44072785e+00  9.63550388e+00
  5.15995157e+00 -3.47233669e+00
  1.18984235e+00  1.05812646e+01
  5.23585790e-01  1.08164594e+01
  6.23607457e+00  2.54723099e+00
  1.53027967e+00  6.15029527e+00
 -1.39810132e+00 -1.71740131e+00
  6.09903805e-01  9.05574795e+00
  5.61537211e+00  4.77772543e-01
 -1.40838668e+00 -2.48802866e+00
  2.34474600e+00  6.81224277e+00
  6.10711007e+00 -1.14380416e+00
  3.18293322e+00 -4.28311566e+00
 -7.67901115e-02  1.00668603e+01
  3.47111253e+00  5.03159729e+00
 -1.41420162e+00 -1.74475996e+00
  7.71509756e+00 -5.78303733e+00
  7.71742449e+00 -6.21775704e+00
 -1.47634335e+00 -2.96046822e+00
  4.49773801e+00  5.48174954e+00
  7.77744965e+00 -7.45766879e+00
  9.27082005e+00 -6.73877013e+00
  1.09648434e+00  5.25375604e+00
 -3.66083485e+00  6.42791501e+00
 -6.40756168e-02 -6.34444844e+00
  4.92963817e+00  5.55555946e+00
  6.13586615e+00 -3.55814971e+00
  5.97431437e+00  1.06784307e+00
  1.68846128e+00  6.34353331e+00
  8.27045071e+00 -6.66334181e+00
  3.64461758e+00 -2.09859620e+00
  3.10987020e+00  7.93304492e+00
  2.01483933e+00  5.52943539e+00
  6.44980113e+00  1.72779824e+00
 -2.27449731e-01 -7.25817410e+00
  6.13508202e+00  2.54594046e+00
  7.76170161e+00 -6.59666918e+00
  8.37835714e+00 -6.96290474e+00
  7.81578105e+00  1.07296317e+00
  8.90921850e+00 -6.42807297e+00
  7.28823589e+00 -7.93117743e+00
 -2.27436606e+00 -1.44015925e+00
  4.24387998e+00 -4.18985384e+00
  1.67052514e+00 -8.10526215e+00
  5.82722715e+00 -1.90601712e+00
  7.59914749e+00 -2.64618563e+00
  5.10847232e-01 -6.63960542e+00
 -1.19766192e+00 -3.63049369e+00
 -2.11174803e+00  5.55300924e+00
  8.93593336e+00 -4.53411487e+00
  4.46863753e+00  2.54011308e+00
  3.16663322e+00 -3.48274201e+00
  7.70391409e+00  1.53768773e+00
  7.84733768e+00  3.30474574e+00
  8.41210355e+00 -7.23975370e+00
  1.26605357e+00  1.04752628e+01
 -7.86168328e-02 -1.50925620e+00
 -6.17478090e-01 -3.05743279e+00
 -5.04956912e+00  5.53806531e+00
  3.74521786e+00  6.16658262e+00
  4.06111929e+00  5.57790903e+00
  7.24297625e+00  1.06817331e+00
 -1.47170192e+00 -3.25602403e+00
  4.16553782e+00  4.87637198e+00
  2.07261212e-01 -7.76245119e+00
  7.59657923e+00 -3.46720338e+00
  3.56688447e+00 -2.75821851e+00
 -1.21576823e+00  6.65239085e+00
  1.45793537e+00 -8.40840152e+00
  3.38183547e+00 -3.87837973e+00
  4.65675066e+00  4.64313411e+00
 -1.65511781e+00 -1.80072248e+00
 -2.99204533e+00  5.01625117e+00
  8.78151340e+00 -6.95442248e+00
  4.26699940e+00  1.50913948e+00
 -4.24700304e-01 -3.52885468e+00
  8.74813734e+00 -5.48248062e+00
  4.49556538e+00 -2.47561520e+00
  5.44972328e+00  3.66682926e-02
  1.93497511e-01  6.03019492e+00
  2.59221987e+00  6.14639853e+00
 -1.03635080e+00 -4.76018178e+00
 -2.74054667e+00  5.45367962e+00
  4.21504830e+00  5.94626306e+00
  3.59896428e-01  9.94811236e+00
  2.53126982e+00 -2.95656288e+00
 -3.16270068e+00  6.05574382e+00
  1.62077173e+00  5.95489801e+00
  3.17687465e+00 -3.50942076e+00
 -2.02528381e+00  5.74660147e+00
  2.87398286e+00  5.33077794e+00
 -1.94154580e+00 -5.95183925e+00
  3.60243469e+00 -1.72019310e+00
  4.28860431e-01 -2.28047049e+00
  1.16223923e+00 -1.71040757e+00
 -1.27874514e+00 -9.37284759e+00
  1.71613848e+00  9.93844119e+00
  6.81508500e+00 -3.36263884e+00
  6.07016257e+00 -3.58620460e+00
  7.56550924e+00 -6.92600664e+00
  2.50166248e+00  5.37071660e+00
  6.42704629e-01 -3.08175677e+00
 -3.48697255e+00  6.08531444e+00
  4.96659809e+00  5.23472475e+00
 -3.66504116e+00  4.66582714e+00
  7.27381602e+00 -2.35486177e+00
  2.27424644e+00 -1.20912680e+00
 -4.62476164e+00  4.13111819e+00
  9.28493707e+00  1.94984426e+00
  7.75548544e+00  4.55210049e+00
 -4.49721993e+00  4.49232480e+00
  8.78343944e+00 -5.36888631e+00
  9.46221406e-01  6.45358924e+00
  2.60521331e+00  5.06466602e+00
  6.75925504e+00 -2.84137529e+00
  6.75490010e-01 -2.46545440e+00
  1.72161765e+00  9.18677522e+00
  3.54724342e+00  5.84404131e+00
  8.23307556e+00 -5.32294106e+00
  8.99397735e-01  1.06536479e+01
  7.42988107e+00 -6.54822681e+00
  1.44158718e+00  6.28775684e+00
  7.33241803e-01  7.51239707e+00
  1.44225867e+00  6.97044688e+00
  2.51646947e+00 -4.44639414e+00
  7.65205643e+00 -5.98402624e+00
 -7.56781590e-01 -2.84313815e+00
 -1.40982063e+00 -4.08316176e+00
  7.69224830e+00 -6.22368634e+00
 -7.50352342e-01 -3.43907310e+00
  2.74142836e+00 -3.84551792e+00
  1.05312634e+00  6.02627557e+00
  4.87559448e+00  7.39995076e+00
  3.02122044e-01 -2.05279178e+00
 -4.41160656e+00  6.87854996e+00
  6.41548222e+00  1.60982265e+00
  5.77042638e+00 -5.91181977e+00
  2.91428044e+00  8.84790497e+00
 -4.75555661e-01 -2.23348644e+00
  6.24137838e+00  1.67088725e+00
  1.25911996e+00  9.39617782e+00
  6.78823720e-01  4.87474228e+00
  5.70907220e+00 -2.92197573e+00
  3.40029864e+00  4.11346887e+00
  1.84143136e+00  9.62366332e+00
  3.12215042e+00 -3.31287951e+00
  3.31248671e-02 -7.20598980e+00
  4.36497450e+00  4.96136047e+00
  6.90506022e+00 -1.40096177e-01
  8.79986353e+00 -5.40454683e+00
  1.02839312e+00  1.01672784e+01
  8.48247295e+00  1.61778540e+00
  5.06622376e-01  7.91541975e+00
  7.67248075e-01  4.78924153e+00
 -3.23383105e+00  6.61065007e+00
 -4.46486246e-01 -8.12982231e+00
  6.77713270e+00 -2.08618575e+00
 -6.94345876e-01 -2.87267026e+00
  1.29745344e-02  4.31799292e+00
  6.75005281e+00 -1.84286612e+00
  3.63548452e+00  2.49195827e+00
  1.41587290e+00 -6.67875651e+00
  6.99915550e+00 -2.48884750e+00
  5.85605863e+00 -3.47144879e+00
  6.63521467e+00 -7.98492485e+00
 -2.73385939e+00  3.80960600e+00
  1.87485771e+00  8.95069207e+00
 -1.52843814e+00 -8.58075860e+00
  1.33397578e+00 -1.65140300e-01
  9.45679196e-01  1.05972546e+01
 -3.74643029e+00  6.20085148e+00
  6.70108015e+00  1.58919537e+00
  1.50910508e+00  5.49859355e+00
 -3.24934422e+00  5.07865789e+00
  1.25131998e+00 -8.25443825e+00
  6.20392979e+00 -6.15120713e+00
  2.18142492e+00  5.34450299e+00
  4.83271348e+00  4.76863977e+00
  2.33851147e+00 -4.51075540e+00
  3.06664497e+00  6.90971702e+00
 -3.91789732e+00  5.62269687e+00
  2.26936445e+00 -4.61677182e+00
 -3.46726528e+00  5.87527660e+00
  4.20871355e+00 -9.37779109e-01
  8.37705717e-01  9.37600506e+00
  1.12303636e+00 -3.33915238e+00
  2.29135715e+00 -7.16630430e+00
 -1.50561635e+00 -6.56710640e+00
 -6.46212696e-01 -3.76597626e-01
  7.03335598e+00 -3.67237512e+00
  2.44995966e+00 -3.73243067e+00
 -2.59125505e+00  5.72113078e+00
  2.00155821e-01 -2.60937529e+00
  2.78751643e-01 -7.45604814e+00
  3.27267315e+00  5.26747279e+00
 -7.30108897e-01 -4.16326234e+00
  4.71298860e-01  5.66712510e+00
 -3.46633705e+00  6.37224041e+00
  2.80411311e+00  2.62129043e+00
  3.92720084e+00 -4.62288300e+00
  3.87406197e+00 -3.97718440e+00
  2.32137686e-01  7.51849868e+00
  9.36894992e+00 -6.20081205e+00
  6.16467235e+00 -1.56907588e+00
 -2.44624443e+00  6.52807642e+00
  4.56585343e+00 -3.45422720e+00
  1.88109400e+00  6.19108996e+00
  7.54342216e+00 -7.18661397e+00
  2.11438910e+00  5.36777775e+00
  3.55744410e+00 -5.77647117e+00
  8.67734973e+00 -6.65070492e+00
  1.54981903e-02 -7.06240619e+00
  1.43460176e+00  6.11936714e+00
  3.33630791e+00 -1.80247786e+00
  7.18441765e-01 -2.94800512e+00
 -3.47386113e+00  4.67878757e+00
  5.38046734e+00  5.71208366e+00
 -3.43732515e+00  6.96973059e+00
 -8.02092346e-01 -4.36666488e+00
  1.27000792e+00  7.76737357e+00
  4.41270653e+00 -2.29150874e+00
  7.51717276e+00 -3.46268165e+00
 -1.30778162e+00  7.07400467e+00
  1.83729279e+00  1.07614002e+01
  1.64216644e+00  5.00374169e+00
  7.08376548e+00 -6.26813470e+00
  1.16927568e-01 -8.66729849e+00
 -2.29826767e+00  5.95954544e+00
  2.82731259e+00  3.91842684e+00
  2.54293988e+00  8.93285383e+00
  1.35395650e+00  7.55573814e+00
  4.67328330e+00  5.13722129e+00
  6.56954487e+00  8.03472572e-01
  2.24523999e+00  6.07291993e+00
  5.75062472e+00 -2.72301208e-01
  4.40779091e-02 -8.24690706e+00
  8.59174198e-01 -3.46268366e+00
  2.57221259e+00 -2.18222176e+00
  6.34509914e+00 -2.71371958e+00
 -2.00642104e+00 -3.53889456e+00
  2.66251406e+00 -3.56004697e+00
  5.83212945e+00 -5.90393807e-01
 -4.44438181e+00  4.11400535e+00
  7.29030371e+00  2.90733818e+00
  9.18750665e+00 -5.32880324e+00
  7.31873221e+00 -6.32648886e+00
 -2.92216597e+00  5.58164739e+00
  2.10479287e+00  5.09493709e+00
  8.60388141e-01  3.72434772e+00
  2.25357807e+00  7.20080734e+00
  5.14112777e+00  1.49182524e+00
  2.24548320e+00  5.00327370e+00
 -3.94049470e+00  5.60375090e+00
  2.94983585e+00  5.62018240e+00
  7.27868760e+00  1.60412105e-01
  3.07038739e+00 -2.06409880e+00
  2.93877983e+00  3.34532168e+00
  3.61230055e+00  2.20786566e+00
  2.18290564e+00  9.03308162e+00
  8.58019638e-01  8.77147951e+00
  6.55080753e+00  2.30924819e+00
  7.49162173e+00 -7.45701628e-01
  8.88018702e-01  6.79133837e+00
  9.63557607e-02 -3.02646946e+00
  5.94325399e-01  6.91162103e+00
  8.81922183e-01 -4.75181879e+00
  6.83072613e+00  1.60583536e+00
 -2.91906469e-03 -7.69718196e+00
  1.38952740e+00 -7.45231437e+00
  8.35939757e-01 -6.33775355e+00
  1.67232780e-01  7.95762997e+00
  4.43818541e+00  4.38576134e+00
  3.24672933e+00 -4.34070417e+00
 -1.78468274e+00 -6.44350220e+00
  2.82618817e+00  5.15230511e+00
 -6.63399746e-01  1.00282226e+01
  2.63531187e-01 -2.98807513e+00
  1.55350023e+00 -9.01425301e+00
  5.25628564e+00 -3.15507426e+00
 -4.17328166e-01 -7.58413011e+00
  6.55527943e+00 -1.20658522e+00
 -2.37167109e+00  6.82175900e+00
  4.99693450e+00 -4.44974100e+00
  6.81628985e+00 -3.64980489e+00
  6.29622050e+00  2.87537521e+00
  4.41746539e+00 -3.37014996e+00
 -1.15132532e+00 -7.90209223e+00
  8.31968300e+00 -7.44779876e+00
  5.38817445e+00 -1.74722949e+00
  1.75123498e+00 -1.37076510e+00
  9.36194151e+00 -6.55737832e+00
  6.00676708e+00  1.29278317e+00
 -3.64455783e+00  4.02931056e+00
  3.59800356e+00 -5.03115336e+00
  6.14620285e+00  1.81641256e+00
  7.14004094e+00 -2.40596724e+00
  1.12746296e+00  8.43850601e+00
  8.89939296e+00 -6.63419112e+00
 -1.06006682e-01 -1.62707593e+00
  5.18734536e-01 -7.49240724e+00
  2.05247732e+00 -4.28027565e+00
 -3.12601020e+00  6.52170312e+00
  1.93341267e+00  4.97344949e+00
  6.24516990e+00 -2.60429037e+00
  7.05254379e+00  1.70174481e-01
  3.23429399e+00  6.19981748e+00
  2.30305776e+00  5.51380303e+00
  6.72444073e+00 -2.94075505e+00
  3.46916517e+00 -3.87691985e+00
  3.00924571e+00  3.99585249e+00
  8.52254712e+00 -3.30422608e+00
  3.99589713e+00  5.77823336e+00
  8.84402013e+00 -6.09783276e+00
  2.31113015e+00 -3.25088058e+00
  3.08477862e+00 -2.75142359e+00
  9.68283205e+00 -6.33303415e+00
  7.63105658e-01  9.70816208e+00
  6.09049930e+00  2.88745753e+00
  7.14240525e-01  9.47398082e+00
  6.97856178e+00  2.20789748e+00
  3.66865876e-02 -2.24615646e+00
 -1.16122098e+00 -6.86931076e+00
  6.14060485e-01  6.23731034e+00
  6.79801873e-01  6.33453735e+00
 -2.43704755e-01 -7.48014716e+00
  5.90242812e+00 -2.47821754e+00
 -1.48484369e+00 -2.59544338e+00
 -1.44076307e+00 -5.58057214e+00
  6.46947780e-01 -5.74777908e+00
  1.23342561e+00 -2.82707318e+00
  5.71808932e+00 -1.11284972e+00
  1.00818585e+01 -8.52079067e+00
 -1.18968345e+00 -2.13816121e+00
  7.96322427e+00  1.79866827e+00
  3.37964820e-01  9.90020847e+00
  1.64473912e+00  7.51173501e+00
  5.53659472e+00  6.61367603e+00
  4.27725315e-01 -8.12711751e+00
  1.58524606e+00  9.45187784e+00
  5.70366844e+00  4.58420510e+00
  1.09168164e+00  5.70256948e+00
  2.71847043e+00 -2.43401334e+00
  6.46595180e-01  1.02373703e+01
  6.85860196e+00  1.98122102e+00
  8.01601127e-01  1.05779152e+01
  4.74392512e+00  1.96205132e+00
  7.87994760e-01  5.42689239e+00
 -3.12627607e+00  5.74402672e+00
 -1.17807210e+00 -6.91575924e+00
 -1.20324227e+00 -2.55638766e+00
 -1.94424736e+00 -4.17549296e+00
  6.75370312e+00 -1.12353873e+00
  1.45653455e+00  9.93615901e+00
 -3.06254781e+00  5.92356065e+00
  2.83746521e+00  6.31164941e+00
  1.48393693e+00  5.42391816e+00
  2.87277305e+00 -3.70597639e+00
  2.29356077e+00 -2.59178000e+00
  1.03613156e+00 -1.42112740e+00
  7.07355450e+00 -5.57383172e+00
 -1.24804294e+00 -3.27578911e+00
  6.30460996e-01  7.10199980e+00
  6.60027671e-01  6.56034212e+00
  3.25400338e+00  6.60889950e+00
  3.40709952e+00  4.45576934e+00
  6.13109704e+00 -2.25738698e+00
  6.58022140e+00  2.11649517e+00
  8.10804439e+00 -6.45008347e+00
 -2.62778280e-01 -5.30703195e+00
  3.80897493e-01  6.30267480e+00
 -6.03240853e-01 -2.87138751e+00
  4.26811456e+00  6.36394771e+00
  3.70444039e+00 -3.07006662e+00
  3.43276490e+00  5.46718992e+00
  4.88024874e+00  6.52259584e+00
  1.24322762e+00 -2.51577602e+00
 -7.78071224e-01 -7.41537746e+00
 -1.44929364e+00 -2.49539721e+00
  2.64317335e+00  5.32676841e+00
 -3.83105871e+00  7.22778618e+00
 -4.23131699e-01 -6.90444199e+00
 -3.64821774e-01 -9.22172347e+00
 -3.64370414e+00  4.60822663e+00
  6.52091189e+00 -7.17693098e+00
  3.07656365e+00  4.79383930e+00
  8.10677025e+00 -1.93991602e+00
 -2.47605172e+00 -1.87043077e+00
  3.70140902e+00  5.06116644e+00
  5.52011724e+00  4.51237333e+00
 -5.45164937e-01  4.99557428e+00
 -2.77366300e-01 -4.18609320e+00
 -6.21251099e-02 -8.46004663e+00
 -1.08890491e+00 -3.13171801e+00
  2.10061006e-01  6.19063606e+00
 -7.18938513e-01 -3.35561999e+00
  6.17825848e+00  1.17510983e+00
  8.56627525e+00 -6.95185203e+00
  3.99237729e+00  5.07750377e+00
  3.74861631e+00 -1.48180156e+00
  6.80897890e+00 -7.55093724e+00
 -2.12724882e+00  4.15336343e+00
  5.55168435e-01  6.27982684e+00
  2.16307992e+00 -3.34557833e+00
  3.60315085e+00  5.58001716e+00
  5.62544551e+00  1.19141641e+00
  1.04735715e+00 -2.99778976e+00
  2.87238119e+00 -2.93836318e+00
 -2.71470221e+00  5.53984060e+00
  6.16161599e+00 -3.65232185e+00
  7.71253128e+00  2.16535370e-01
  2.85306390e-01 -6.63572627e+00
  8.75830489e-01  9.87016042e+00
 -1.36309675e+00 -3.20220699e+00
  1.68298809e+00 -3.09838374e+00
  1.53271947e+00  9.38969379e+00
 -3.24779782e+00  5.87382928e+00
  8.18943594e+00  4.16730536e+00
 -2.92707564e+00  6.47528911e+00
  3.45743694e+00 -2.92108121e+00
  2.70995926e+00  7.49986273e+00
 -8.77903168e-01 -8.82907261e+00
 -3.91066707e-01 -2.99432293e+00
  3.89714981e-01 -5.82629874e+00
 -3.79816145e+00  6.22400111e+00
  6.60304821e+00 -1.27586017e+00
  6.92932952e+00 -1.17251555e+00
  3.27130979e+00 -4.02989414e+00
 -1.22151336e+00  8.26572755e+00
  4.32310737e-02  6.43486934e+00
  3.00739137e+00  4.54191565e+00
  7.94406014e+00 -7.11266682e+00
 -2.06821712e-01  9.74779407e+00
  7.28736861e+00 -1.59953219e+00
  3.44247297e+00  3.40616695e+00
  1.21115293e-01  8.79936847e+00
 -3.03290755e-01 -2.05233196e+00
  8.39269401e+00 -4.80387394e+00
  9.28079019e+00 -6.49791345e+00
 -3.71823016e-01 -7.01735553e+00
  5.21583619e-01 -6.66014208e+00
  3.53563043e+00  4.54239507e+00
  2.10429320e+00  9.80822368e+00
  3.37109412e+00  6.18019028e+00
  2.17194042e+00  5.02369768e+00
  5.52662826e+00 -2.58529520e+00
  7.85259731e+00 -6.98403033e+00
 -6.04019339e-01  9.29300102e+00
  6.23661829e+00 -2.17235488e-01
  6.70432424e+00 -2.01319768e+00
  4.33692146e+00  5.30770474e+00
  1.62016003e+00  9.07750878e+00
  7.55495690e+00  1.09198166e+00
  2.91671526e+00  3.49702688e+00
 -2.88381824e+00  5.56053884e+00
  2.77011216e+00  7.10321262e+00
  6.03350777e+00 -5.10942915e+00
  7.41898314e+00 -1.23819685e+00
  2.29939830e-01  6.25966976e+00
  1.06483155e+00 -6.79854663e+00
  4.67758023e+00  5.72754951e+00
  8.95604284e-01 -6.64415171e-01
  1.56850631e+00 -3.13193229e+00
  8.90441435e+00 -7.62694899e+00
  9.28145072e+00 -6.41520939e+00
  1.37870318e+00  6.29646060e+00
  4.67580566e+00 -5.22334802e+00
 -7.48867672e-01 -7.72498130e+00
  1.47030751e+00  7.93499541e+00
  5.67233651e+00  1.54856905e+00
  1.76658545e+00  8.63676747e+00
  2.05368749e+00  7.30912352e+00
 -3.85400113e+00  5.72077093e+00
 -1.38851906e-01 -3.22144309e+00
  6.64081530e+00 -3.35722882e+00
  8.62801905e+00 -1.69007746e+00
 -4.57239874e-01 -2.72695019e+00
  3.56008809e+00  4.66838725e+00
 -3.08532624e+00  6.29629042e+00
 -2.17087653e+00  3.77267338e+00
 -1.22917039e+00 -8.03566586e+00
  2.81430558e+00 -3.89652585e+00
  2.18456700e+00  5.84459526e+00
  4.36730312e+00 -1.02964348e+00
  1.75509802e+00  5.89900735e+00
  8.17891515e+00 -2.05056447e+00
  6.40897865e+00 -1.52118761e+00
 -1.59891319e+00  7.30332001e+00
  1.16741692e+00  7.15510592e+00
  6.50699148e+00  1.44618095e+00
 -4.16293058e+00  6.06175283e+00
  1.06898524e+00  8.16617714e+00
  1.22177953e+00  6.53565051e+00
  1.76618537e+00  5.65824875e+00
  4.83189830e+00  5.47262180e+00
  2.95874220e+00  6.72820715e+00
  6.89787003e+00  3.11584469e-01
  6.75301627e+00  2.53793580e+00
 -8.21927575e-01  8.65626250e+00
  1.34457153e+00 -7.18705114e+00
  5.41744606e+00 -2.04350683e+00
  1.96875715e+00  8.57632211e+00
  1.63666938e+00  9.70740662e+00
  6.18305384e+00 -4.44356671e+00
  3.36331412e+00 -3.76315108e+00
  6.26335473e+00 -5.84553535e+00
 -5.85727751e-01 -8.25349441e+00
  5.23781073e-01 -2.11612573e+00
  6.37878936e+00  1.59397452e+00
  6.87299067e+00 -3.48615724e+00
 -3.04797674e+00  6.91764476e+00
  2.75567087e+00  9.34483255e+00
 -3.95608996e+00  5.96262051e+00
  4.01256692e+00 -3.51621444e+00
  2.50073404e+00 -5.98862856e+00
  1.13907347e+00  9.69804617e+00
  2.83479187e-01 -8.42612460e+00
  1.31311084e+00  6.60115733e+00
 -1.44308598e+00 -3.33502776e+00
  5.71487313e+00 -1.68746775e+00
  1.27894010e+00  8.92727045e+00
  1.07793518e+00  1.10139218e+01
  8.19226247e+00  2.44669474e+00
  3.42072182e+00 -3.76865414e+00
  1.06079103e+00 -7.99854850e+00
  8.28273779e+00 -6.39262450e+00
  4.65453657e+00 -4.37387719e+00
  4.18335799e+00 -2.21755307e+00
 -5.31204114e-01 -6.43696558e+00
 -9.46203504e-01 -1.93462031e+00
  7.55343052e+00 -4.06422917e+00
  4.02984538e+00  5.54444788e+00
  3.53176273e+00 -4.14845013e+00
  2.72353087e+00 -3.66688037e+00
  4.84337766e+00 -3.92581984e+00
  1.02329759e-01 -2.80271641e+00
 -2.07162810e+00  5.28840508e+00
 -1.29456443e+00 -2.52270331e+00
  6.60410665e+00 -1.84257263e+00
  6.85986902e+00 -2.40889472e+00
  9.12206264e+00 -8.03087830e+00
  1.34851278e+00  6.35250597e+00
  1.49663074e+00  4.85988623e+00
  7.35220849e+00 -1.93845133e+00
  5.62027177e+00 -1.61773126e+00
  3.97023498e+00 -3.46523227e+00
 -2.59865613e-01  1.05250208e+01
  7.24300042e+00 -6.35262157e+00
  1.01511522e+00  3.82959710e+00
  4.88237928e-01 -6.40401501e+00
  4.17067732e+00  2.92361587e+00
 -1.44953769e+00 -6.32472543e+00
  1.08312752e+00  4.40959690e+00
  6.59178787e-01  1.05769546e+01
  6.76444014e+00 -1.82555888e+00
  9.30917543e-01  8.50203804e+00
  7.55863068e+00 -7.52361887e-03
  3.63470546e+00  4.39010799e+00
  7.23898592e+00 -3.22635470e+00
  4.49274452e+00  3.92337809e+00
 -3.51060153e+00  4.90659129e+00
  1.83401719e+00  9.76959600e+00
  5.36659439e+00 -6.93287197e+00
  8.15749212e+00  4.57703643e-01
  1.81309465e+00  9.86102126e+00
  1.93857182e+00  9.98585272e+00
  1.37553398e+00  6.79734230e+00
  1.17812843e+00  6.54591138e+00
 -1.68298705e+00  4.79866148e+00
 -1.10584828e+00 -8.76117611e+00
  3.36895569e+00  4.69999820e+00
  6.99378679e+00  4.58185016e-01
  3.57213483e+00 -3.49032988e+00
  6.26426966e+00 -3.27816726e+00
  1.84999832e-01  7.65667783e+00
  5.99071314e-01 -6.53170452e+00
  8.12806865e+00 -2.50609924e+00
  2.85267596e+00  1.03267403e+01
  7.43927251e+00 -3.13335825e+00
 -4.26914280e+00  5.89441718e+00
 -7.26820277e-01 -1.87573785e+00
  1.19805203e+00  9.64887793e+00
  2.18967991e+00 -4.10557429e+00
 -1.67943757e+00 -8.44586720e+00
  1.02071136e+00  1.00853427e+01
  1.32253366e+00  8.11046282e+00
  7.57025769e+00 -6.35762187e+00
  6.60199148e+00  1.53500352e+00
 -1.94928822e+00 -6.77349790e+00
 -2.72723663e+00 -1.68654082e+00
 -4.86491741e-01 -1.58974013e+00
  7.02137914e+00  2.29014162e+00
  3.80889737e+00  4.74721136e+00
  9.37420201e-01  8.85278026e+00
  1.64283422e+00  4.00150990e+00
  5.31549394e+00  5.92685098e+00
  7.68976860e+00 -6.15278955e+00
 -1.07047892e+00 -8.79533977e+00
  7.52965719e+00  1.52718803e+00
  7.55142232e+00 -6.19989438e+00
  8.10908928e-01 -9.46948297e+00
  2.63299761e+00 -3.31795164e+00
  5.03813038e+00  3.53391092e+00
  5.70125644e+00 -3.31883183e+00
 -1.06028465e+00 -3.34487575e+00
  1.53791494e+00  6.91901703e+00
 -3.67097577e+00  7.70030196e+00
  3.44182445e+00 -4.38864593e+00
  1.06120389e+01 -7.19191714e+00
  8.08256009e+00  1.63862973e+00
  5.14586082e+00  2.61911615e+00
  5.47538407e+00  2.67348878e+00
  6.84225380e-01  4.49445397e+00
 -3.01963612e+00 -1.50970319e+00
 -3.00347977e+00  6.55848944e+00
  1.02292054e+00  5.19584276e+00
  9.45278858e-01 -8.49896199e+00
 -4.94040643e+00  4.48194652e+00
  1.29575528e+00  6.98551877e+00
  1.15697974e+00  5.76236985e+00
  3.78889825e+00 -3.77557194e+00
  6.24227348e-01 -8.23786310e+00
  6.07294592e+00 -7.50827684e-01
  7.15517363e+00 -3.09892607e+00
  3.61811504e+00  5.80177448e+00
  1.71615275e+00  4.78242742e+00
  2.14448544e+00  7.68463099e+00
  1.47498335e+00  9.54390499e+00
  8.24858585e+00 -4.01432128e+00
  2.11855672e+00  9.62244725e+00
  6.50776336e-01 -1.84164407e+00
  7.36856248e+00 -6.21845723e+00
  1.71030169e+00  5.56043895e+00
  6.37694981e+00  7.60449942e-02
 -2.40817386e+00  6.84989092e+00
  1.10985983e+00  9.99155433e+00
 -2.76413581e+00  5.16386039e+00
  6.20650724e+00 -9.82304069e-01
  5.71910452e-01  9.00697720e+00
  6.94270611e+00 -2.96683273e+00
 -6.76162524e-01 -2.13352402e+00
  1.89985225e+00  4.21835120e+00
  6.70091147e-01 -6.16597932e+00
  5.91931254e+00 -3.80749751e+00
  6.94460897e+00  1.36170582e+00
 -4.01491799e+00  3.96341305e+00
  6.48727595e+00 -2.70794385e+00
  1.15984353e+00  9.49808002e+00
  4.44344858e+00  4.99547436e+00
 -3.35056385e+00  5.38345339e+00
  6.86485357e+00 -7.12194579e+00
  3.82322918e-01 -7.81945126e-01
  6.55722976e+00  2.55188220e-01
 -3.56518355e-01 -7.70776864e+00
 -1.61846948e+00 -2.40798466e+00
  6.15021273e-01 -8.68984480e+00
 -3.55810972e+00  5.67095025e+00
  3.39584254e+00  6.11340977e+00
  8.21879093e+00 -6.13085744e+00
  4.17708917e-02  5.66950940e+00
  2.73870883e+00 -3.33572608e+00
 -5.18239470e-01  1.08323267e+01
  7.39815389e-01 -3.56447788e+00
  7.80553884e+00 -5.20101291e+00
  2.05147023e+00 -8.38580013e+00
 -6.10150316e-02 -8.91381343e+00
  3.53357225e+00  5.54979073e+00
  8.24048619e+00  9.97038633e-01
  5.23953308e+00  6.02279942e-01
 -1.09661840e+00 -6.87222384e-01
  3.41729720e+00  4.79213954e+00
  4.38005491e-01 -7.40698390e+00
  1.22456828e+00  5.77211941e+00
 -3.83331541e+00  6.19285079e+00
  4.86596254e-01 -7.94615190e+00
  3.32783859e+00  3.48626805e+00
  1.41061000e+00  8.51297007e+00
  5.19610843e+00  2.02858062e-01
 -2.82344690e+00  6.18290121e+00
  7.62237690e+00 -6.45684946e+00
  7.27499866e+00  2.64214458e+00
  7.50955136e+00  1.78639780e+00
  3.08886173e+00  3.90709880e+00
 -3.64239159e+00  3.60179344e+00
  7.45813364e+00 -6.55189278e+00
  8.38992997e+00 -7.25326811e+00
  1.49754433e+00  9.88570810e+00
 -2.31752627e+00  6.28096485e+00
 -2.86389096e-01  4.77617640e+00
  3.41672225e+00 -4.71402916e+00
  6.98154155e+00  1.42866072e+00
 -3.96207268e+00  4.52008095e+00
 -3.28310142e+00  5.34214108e+00
  5.42192651e+00  4.22502789e+00
  8.38574268e+00 -6.54963179e+00
  7.89707543e-01  1.10118847e+01
  6.55728736e+00  2.95178860e+00
  1.51109282e+00  4.59716321e+00
 -3.73817308e+00  3.68726519e+00
 -3.47246074e+00  6.05701216e+00
 -2.31089624e-01 -7.25033810e+00
  6.05665120e+00  1.03219115e+00
  2.17118905e+00  5.49148831e+00
  2.93274263e+00 -3.15844357e+00
 -3.74978083e+00  6.22127011e+00
  8.28416941e+00 -7.70266896e+00
  3.89839966e+00  5.42615296e+00
  6.25202572e+00  4.17942055e+00
  6.97659855e+00 -4.51846984e+00
  9.47308784e+00 -6.06316780e+00
 -7.98198092e-01 -3.32675319e+00
 -7.66893497e-01 -7.70292597e+00
  3.77415073e+00 -2.15990802e+00
  5.64434900e+00 -2.11768532e+00
 -2.54877882e+00  4.42220415e+00
  8.05266554e+00 -1.18041041e+00
  1.87650937e+00  4.57594385e+00
  7.26153387e+00 -4.26204061e+00
 -1.35336268e-01  7.92434712e+00
  1.67568572e+00  9.06135285e+00
  1.73269761e+00  9.59158367e+00
 -5.33249566e-01 -8.66621319e+00
  2.69033614e+00  9.40293252e+00
  2.73759837e+00  9.56075669e+00
  9.13419443e+00 -5.26301142e+00
  3.03940682e-01 -6.95157736e+00
 -4.40011312e-01 -8.81887095e-01
  3.20843951e+00 -3.19903165e+00
  6.14595157e+00 -4.64899108e-01
  3.45358437e+00 -2.70559164e+00
  6.72573833e+00 -2.13180983e+00
  8.68792325e+00 -6.05929887e+00
  6.15927288e+00  1.49774025e+00
 -5.48588568e-01  9.91069562e+00
  7.22812441e+00 -6.42692941e+00
  6.94660212e+00 -4.10081323e+00
  3.33698841e-01 -8.58069535e+00
  7.24565070e+00  1.79250957e+00
 -3.72337784e+00  5.73438052e+00
  5.88047697e+00 -3.44603692e+00
 -5.26982320e+00  7.70669900e+00
  9.01054342e+00 -5.49687218e+00
  5.85946250e+00 -2.48207649e+00
  3.36402825e+00 -2.92843050e+00
  4.17710579e+00  4.93263914e+00
  7.72701417e-01 -9.08975858e+00
  1.71779812e+00  5.21777266e+00
  4.10264458e+00 -4.21916775e+00
  7.52519282e-01  8.30388613e+00
  7.38299230e+00 -3.84770319e+00
  6.92942710e-01  8.29566771e+00
 -2.21673989e-02 -7.52306550e+00
  7.03690579e+00  2.00538066e+00
 -1.61064967e-01 -1.52948638e+00
  4.58242239e+00  5.61924593e+00
 -3.87336995e-02 -6.52788863e+00
 -3.11696497e-01 -6.81755608e+00
  5.97383013e+00  1.58387780e+00
 -6.37747984e-01 -6.69135923e+00
 -2.69713438e+00  4.27452388e+00
  7.82299828e+00 -7.06154806e+00