-5.81729308e+00  4.40766253e+00
 -6.09829949e+00  2.26971671e+00
 -4.65917816e+00  3.42318914e+00
 -7.69398124e+00  5.26351654e+00
 -5.77338374e+00  2.79639252e+00
  1.62945724e-02 -7.18673751e+00
  1.50378467e+00  6.30650687e+00
 -2.08714489e+00 -7.93433543e+00
 -6.44335077e-01 -6.69880702e+00
 -4.43044390e+00  5.54127510e+00
  2.40358927e-01  6.43800633e+00
 -4.49619204e+00  6.50676287e+00
 -6.94323178e-01 -5.62575796e+00
  1.51635344e-01 -6.17123685e+00
 -9.69660354e+00  4.12430329e+00
 -9.83002948e-01 -6.55281804e+00
 -5.80324910e+00  2.97081270e+00
  7.83919414e-01 -6.79743988e+00
  3.00516528e-01 -6.99938672e+00
 -7.99106261e+00  6.21446302e+00
 -4.87281157e+00  5.13003639e+00
  3.45301355e+00 -9.29745150e+00
 -1.07931737e+00 -6.71339757e+00
  1.24875102e+00  6.90545043e+00
 -8.41245834e-01 -5.17536869e+00
 -3.80136951e-01  8.16415364e+00
 -5.05804619e+00  4.97007047e+00
 -7.62847218e-01  7.36293713e+00
 -7.99092733e+00 -5.43837823e+00
  4.02954341e+00 -8.19526745e+00
 -6.03166526e+00  5.84841793e+00
 -5.12157973e+00  5.37763800e+00
 -6.98062139e-01 -5.34901083e+00
 -7.51071461e-01 -7.54504427e+00
 -4.14220123e-01  7.09858035e+00
 -7.09045437e+00  4.56923836e+00
 -2.66554355e+00 -7.80487633e+00
 -6.48560541e+00  3.05554939e+00
  1.93699331e+00  7.79037683e+00
 -7.23680138e+00  4.12128390e+00
 -2.64456440e+00 -5.81126612e+00
  4.63867292e+00 -1.07825250e+01
 -9.64652145e-01 -7.43256101e+00
 -6.71174808e+00  4.31399463e+00
 -7.37912433e+00 -4.73889575e+00
  8.74069662e-01  8.07594319e+00
 -8.34850840e+00 -3.22210549e+00
  5.58256682e+00 -8.52936089e+00
 -9.58216119e-01 -7.00418532e+00
 -3.37452720e+00 -8.18051554e+00
  1.46264643e+00  7.59065500e+00
 -7.25170846e+00  5.20059504e+00
 -3.04376623e+00 -5.84629414e+00
 -1.01598336e+00 -8.48641812e+00
 -1.57583801e+00 -6.76973926e+00
  5.35789003e-01 -7.15935598e+00
 -6.33397283e+00  3.37670078e+00
 -4.96649120e-01 -4.06975948e+00
 -2.26093743e+00 -6.26301986e+00
 -6.20526274e+00  4.23736690e+00
 -2.34838314e+00 -5.29352525e+00
  4.83156973e+00 -1.00951054e+01
 -5.39525795e+00  2.89200825e+00
 -8.96789938e+00 -1.53321304e+00
 -6.06292462e+00  3.31746747e+00
  1.24323290e+00  6.12886750e+00
 -5.60976941e+00  5.10346896e+00
 -1.44878228e+00 -5.58031730e+00
 -5.16706932e+00  3.78896720e+00
 -1.48058376e-01 -6.59913507e+00
 -1.80913416e+00 -7.82095821e+00
 -1.79263499e+00 -5.73987566e+00
 -1.75446572e-01 -6.95249409e+00
  3.87647314e+00 -1.23978067e+01
 -1.50675875e-01 -5.20041056e+00
  1.04830018e+00  7.98214301e+00
 -6.40462564e+00  5.70110865e+00
 -5.61575127e+00  2.60706321e+00
 -4.51645920e+00  4.69309392e+00
 -5.74140021e+00  4.97342726e+00
 -7.47243584e+00  3.95456606e+00
 -5.16555314e+00  2.83798509e+00
  1.14528836e+00  6.64609602e+00
  4.86812112e+00 -1.03707921e+01
 -1.01667078e+01 -4.26512691e+00
 -1.57986436e+00  6.47153024e+00
 -8.44188508e+00 -3.60013264e+00
 -1.01168592e+01 -2.44140848e+00
 -5.92587246e+00  1.98535751e+00
  4.11000515e+00 -1.03363028e+01
  3.21468183e+00 -9.65317542e+00
  4.49082610e+00 -8.77275858e+00
 -1.04338683e+00 -6.44760073e+00
 -6.29027038e+00  4.79445644e+00
 -7.74566291e+00 -4.36002096e+00
 -8.25949677e+00 -4.51088853e+00
 -6.50198605e+00  1.72754137e+00
 -1.07814516e+01 -4.09461769e+00
 -7.77242340e+00 -3.32314299e+00
  1.74683692e+00 -8.96376940e+00
 -5.54814353e-01 -4.84599953e+00
 -1.41009385e+00 -6.62837708e+00
 -1.19950149e+00 -4.96842836e+00
  2.33671118e+00  8.06026176e+00
  2.24750222e-01  6.23693247e+00
 -1.14340531e+00 -8.17344423e+00
 -2.43295447e+00 -5.73155677e+00
 -1.04925345e+00 -6.19959326e+00
  2.03104614e+00  5.63352428e+00
  1.85664342e+00  6.80408703e+00
 -4.20783841e+00  5.86105742e+00
 -8.49901649e+00 -6.59772865e+00
  4.67828995e+00 -9.80240193e+00
  4.30187558e+00 -9.50001320e+00
 -5.89877304e+00  7.14164906e+00
 -1.83448412e+00 -6.84556886e+00
 -2.20566333e+00 -8.30405510e+00
 -7.86651294e+00 -5.07145946e+00
 -5.00341125e-01 -7.09710307e+00
 -1.50106044e+00 -5.13634805e+00
 -6.89736396e+00  5.80379714e+00
 -8.12327123e-01 -5.65631744e+00
 -6.16037088e+00  4.01904971e+00
 -1.28275285e-01 -6.24359246e+00
 -1.25244796e+00 -5.46497437e+00
 -7.27722576e+00 -3.89526621e+00
 -5.98712256e+00  3.84552092e+00
  4.16299713e-01 -7.67744630e+00
 -2.45648203e-01 -7.43772226e+00
  3.83164856e+00 -9.67145981e+00
  4.74431070e+00 -1.02854052e+01
  2.06522609e+00 -9.55213776e+00
 -8.44778787e+00 -4.97973034e+00
 -4.94223683e+00  3.86821082e+00
 -6.63831227e+00  6.30960454e+00
 -1.49103683e+00 -7.83321809e+00
  3.38390015e+00 -1.08031247e+01
 -1.24397803e+00 -7.81717101e+00
 -4.73647996e+00  5.52796584e+00
 -1.00972516e+01 -5.25838832e+00
 -8.66553531e+00 -4.84041088e+00
 -6.56282950e+00  3.75405292e+00
  1.94248903e+00  6.43311146e+00
 -7.51369359e+00 -3.90836084e+00
  1.75975159e+00  7.78568226e+00
  4.74842806e+00 -8.53630693e+00
 -6.52622624e-01 -5.30756850e+00
  3.26671738e-01 -6.31025205e+00
 -6.50106774e+00  4.32712550e+00
 -8.04949372e+00  7.01082117e+00
 -8.07593782e+00 -4.40383255e+00
 -8.41258084e+00 -4.97622770e+00
  4.00904961e+00 -9.89105569e+00
 -1.71543538e+00 -7.42819213e+00
 -6.41462712e+00  5.69824793e+00
 -8.46235714e-01  6.70843635e+00
 -1.31551620e+00 -6.68020218e+00
 -7.18423120e+00  2.73646020e+00
 -3.03660837e+00 -7.46446781e+00
 -5.86517112e-01  6.00142140e+00
 -9.40507127e+00 -4.40585397e+00
  4.29067488e+00 -9.10993486e+00
  9.60616465e-01  6.43400331e+00
 -5.71353263e+00  2.98563853e+00
 -1.55716714e+00 -7.03932054e+00
 -9.39287256e+00 -4.52055619e+00
  2.74622153e+00 -9.21750695e+00
 -5.14346154e+00  5.52573509e+00
  7.10521609e-01  5.92020881e+00
 -6.70287384e+00  5.64415208e+00
 -1.32951664e+00 -8.26409063e+00
 -8.33110018e-01 -5.35888926e+00
 -6.92187913e+00  4.80295031e+00
 -8.08558040e+00 -4.97997522e+00
 -6.99533205e+00  5.28242955e+00
 -1.19027009e+00 -7.29237979e+00
 -9.67691671e+00 -2.93150965e+00
 -4.36030606e+00  5.77357229e+00
 -2.37714633e+00 -6.35165748e+00
 -1.85187291e-01  7.01104148e+00
 -5.67932512e+00  2.49940853e+00
 -7.02563028e+00 -4.90246842e+00
 -1.26671476e+00 -6.92827553e+00
  2.18572612e+00  7.24573147e+00
  8.92348476e-02 -7.66246880e+00
 -1.30970424e+00 -6.14131454e+00
 -2.14711935e-01  9.01165663e+00
  2.83365003e+00 -9.10595462e+00
 -5.82332041e+00  5.69506451e+00
 -6.09408167e+00  6.19160314e+00
 -5.35199983e+00  5.68406766e+00
 -4.89595229e+00  5.44743432e+00
 -2.74021912e+00 -6.26886852e+00
 -2.15734930e+00 -7.77869843e+00
 -9.05344933e+00 -5.53696403e+00
  4.67747867e+00 -8.28678940e+00
 -8.00367856e+00 -4.53111089e+00
 -1.43621002e+00 -6.35145601e+00
  4.34787314e-01  8.15142960e+00
 -6.22196322e-02  6.21768396e+00
 -2.00363696e+00 -6.57917528e+00
  2.09919928e+00  8.74316054e+00
 -7.18555339e+00  4.16395782e+00
 -8.21321517e-01 -6.48601480e+00
 -1.08859288e+01 -3.76108019e+00
 -7.84897732e+00 -4.16795135e+00
 -4.51188722e-01 -5.94815064e+00
  2.71457869e+00 -7.60851001e+00
 -8.84839109e+00 -3.87410808e+00
 -6.74133150e+00  4.68506850e+00
 -2.28062865e-01 -6.73442132e+00
 -1.01299983e+01 -3.63150526e+00
  6.10626375e+00 -9.31775687e+00
 -9.23222904e+00 -2.28232443e+00
 -7.49439191e+00 -3.07449825e+00
 -5.82830846e+00  4.68540523e+00
  5.24360018e+00 -1.01731726e+01
 -8.54493442e+00 -4.23243107e+00
 -2.54772862e+00 -6.01222191e+00
  3.86021187e+00 -8.54277134e+00
  1.67243168e+00  6.35331646e+00
  5.39490766e-01  6.68216859e+00
 -6.57288689e+00  2.34327888e+00
  3.91255865e+00 -1.00744045e+01
  2.01858277e+00  6.86505884e+00
  8.41900478e-01  7.21750509e+00
 -2.11762544e+00 -7.37883025e+00
 -8.02128542e+00 -4.54218302e+00
  2.15957012e+00  5.99928809e+00
 -6.03657067e+00 -5.39668701e+00
 -6.11178701e+00  3.19264478e+00
  4.58790192e+00 -9.75266205e+00
 -7.58453551e+00 -4.51596539e+00
 -5.16697242e+00  2.42786590e+00
 -5.87609332e+00  4.37729989e+00
  1.54210681e+00  7.30961224e+00
 -5.24268563e+00  5.28750984e+00
 -8.89797499e+00 -4.90543475e+00
  1.04587413e+00  7.08358886e+00
 -7.55025858e+00 -5.30111176e+00
 -6.01972336e+00  5.79888368e+00
  6.60144653e-01  7.29183654e+00
 -6.64775615e+00  4.93232887e+00
 -6.18190472e+00  6.28977728e+00
 -2.14344068e+00 -7.19026469e+00
  3.53649921e+00 -1.07963281e+01
 -5.67615972e+00  1.44363462e+00
 -4.04613365e+00  3.44411312e+00
 -9.18312595e+00 -2.16495792e+00
 -6.24650681e+00  4.34077290e+00
 -1.55237519e+00 -5.97918968e+00
 -7.72156628e+00  7.22706461e+00
  5.26095710e+00 -7.81311299e+00
  4.29049498e+00 -1.12351620e+01
 -5.66963595e+00  3.52193858e+00
 -6.38352641e+00 -3.36044600e+00
  2.05635628e+00 -1.07945449e+01
 -8.11673548e+00 -4.43223382e+00
 -6.52439804e+00  5.26784143e+00
 -4.94426071e+00  5.73129861e+00
  4.31395469e+00 -1.00028923e+01
  3.99420126e-01  7.66374448e+00
 -1.23732300e+00 -6.64779077e+00
 -5.63652284e+00  3.05935661e+00
 -6.66741393e+00  5.86191828e+00
  5.75392186e-01  6.67190038e+00
 -6.24019317e+00  4.19684525e+00
  4.61876959e+00 -1.08270668e+01
 -5.66898467e+00  4.26175722e+00
 -2.93374474e+00 -6.77033806e+00
 -5.54655319e+00  2.13992687e+00
 -3.31719574e-01  9.62188868e+00
 -6.61764985e+00  3.62610062e+00
  6.02540338e-01 -7.52339910e+00
 -2.40803092e+00 -6.82624656e+00
 -1.13369914e+00 -6.85725176e+00
  4.92471198e-01 -5.23938995e+00
 -3.39633891e-01 -7.76133062e+00
 -1.64070899e+00 -8.18194053e+00
 -5.40479465e+00  4.10158659e+00
 -6.37535308e+00  2.77468978e+00
 -9.59636354e+00 -4.93539328e+00
 -2.66177956e+00 -6.69654799e+00
 -4.37018235e+00  4.45813941e+00
  2.08160390e+00  6.01908578e+00
 -7.51889707e+00 -5.78645144e+00
  1.55996801e+00 -9.18834996e+00
 -5.55347081e+00  3.89625426e+00
 -6.57713352e+00  4.75683240e+00
  3.75779770e+00 -9.23174367e+00
 -1.33864284e+00 -6.25331753e+00
 -4.48067512e-01 -6.90824015e+00
 -9.69961954e+00 -5.04176756e+00
 -1.56699751e+00 -5.00216599e+00
  3.02190056e+00 -9.70492266e+00
  5.56945703e-01  5.77195382e+00
  4.29241675e-01 -8.46391452e+00
 -1.68566580e+00 -6.63070294e+00
  4.02256080e+00 -1.03537247e+01
 -1.37336105e+00 -7.08373127e+00
 -7.23317689e+00  2.98876420e+00
  9.02529329e-01  8.79011449e+00
 -5.94091744e+00  4.67546726e+00
 -6.54933850e+00  5.16807204e+00
  2.38707969e-01 -6.04746769e+00
 -1.06030730e+01 -6.27626850e+00
  2.94322054e-01  7.85008343e+00
 -8.58103106e+00 -5.22964316e+00
  4.59665705e+00 -1.05461879e+01
  4.12405577e+00 -1.03671717e+01
 -2.85822865e+00 -6.49331859e+00
  9.95973091e-01  8.43999156e+00
 -5.35736109e+00  3.29179596e+00
  3.06335878e+00 -8.61937336e+00
 -5.98741596e+00  3.27062630e+00
 -1.02622925e+00 -5.41624526e+00
 -9.14116912e+00 -3.94446059e+00
  7.72859518e-01  7.32968644e+00
 -2.83575748e+00 -6.67165738e+00
 -8.87101567e+00 -4.97669061e+00
 -9.48982405e+00 -3.85973402e+00
 -5.30679741e+00  5.82078169e+00
  1.08092100e+00 -4.66052037e+00
  4.14727619e+00 -9.80455410e+00
 -4.41304742e+00  4.81873115e+00
 -1.67815839e+00 -6.09550334e+00
  1.53384192e+00  7.80249498e+00
 -9.60443069e+00 -4.46686942e+00
 -1.48051562e+00 -5.79886099e+00
  2.59372584e+00 -6.21171332e+00
 -1.51873520e+00 -6.84193348e+00
  3.78717439e+00 -1.00796295e+01
 -5.69503057e+00  4.15820238e+00
  4.85974995e+00 -9.82407892e+00
 -3.09484533e+00 -7.87709448e+00
 -5.92089270e+00  3.96159510e+00
 -2.93979849e+00  1.78442346e+00
 -4.50484646e+00  5.44501939e+00
 -2.11974690e+00 -5.03997521e+00
 -9.82427648e+00 -3.80731084e+00
  6.10446936e-01  7.50926809e+00
 -3.19721010e+00 -4.78426393e+00
 -6.70403615e+00  5.70197620e+00
 -5.77716511e+00  4.54289375e+00
 -1.05827907e-02  7.26037194e+00
  1.72527851e+00  5.91341879e+00
 -7.50397516e-01 -6.95718228e+00
 -8.36782976e+00 -6.43489982e+00
 -1.68417452e+00 -7.12133074e+00
 -5.81226584e+00  5.95894166e+00
 -1.44137806e+00  6.62092887e+00
  8.09942260e-01 -4.73147359e+00
 -9.40597678e+00 -4.33491022e+00
 -5.84050990e+00  3.09429535e+00
 -8.40702206e+00 -5.93320313e+00
  2.85999732e+00  6.73952651e+00
 -1.02036672e+01 -2.80538558e+00
 -3.33118398e+00  3.06552191e+00
  2.25446518e+00  8.90297525e+00
 -5.94222100e+00  3.81602206e+00
 -5.53021186e+00  5.03884489e+00
 -2.14910295e+00 -6.75889147e+00
 -5.23351382e-01 -8.54834756e+00
 -7.82605361e+00  7.00344691e+00
 -3.78194847e+00  3.36182644e+00
 -7.48037185e+00 -3.88911015e+00
 -8.58809603e+00 -4.42358051e+00
 -1.55887894e+00 -6.62610331e+00
 -5.78468976e+00  2.83445902e+00
  5.77284126e-02 -6.47776341e+00
  5.21745021e+00 -9.89651242e+00
 -9.03728399e+00 -3.83616839e+00
 -5.54590974e+00  5.49616194e+00
 -2.72749234e+00 -8.09147839e+00
  4.32798047e+00 -9.64063715e+00
 -6.31407842e+00  6.58356849e+00
 -2.84959503e+00 -6.40216579e+00
  1.01270749e+00 -5.12801863e+00
  2.97502714e+00 -8.79569811e+00
 -8.20263715e+00 -4.48263288e+00
  4.15643253e+00 -1.01763322e+01
  3.73686869e+00 -9.43113068e+00
 -1.10398019e+00  5.52942700e+00
  6.29591988e+00 -1.07036801e+01
 -1.44257004e+00 -5.88555798e+00
 -6.38749733e+00  2.17158178e+00
  3.95518032e+00 -1.21856150e+01
 -5.09843659e+00  2.41625047e+00
  4.29422637e+00 -9.93573910e+00
 -9.24694043e-02 -5.31625216e+00
  6.74221592e-01  6.83286904e+00
  3.84218483e+00 -8.86664242e+00
 -6.29310109e-01  7.27254467e+00
 -1.75265408e-01  7.96287804e+00
 -8.97474962e-01  6.31569173e+00
 -1.64210921e+00  7.13232541e+00
 -4.83145380e+00  4.73839509e+00
 -3.11220079e+00 -6.22243170e+00
 -4.13579566e+00  3.16815216e+00
 -1.45156064e+00 -7.82473960e+00
  6.58896092e-01 -8.42467984e+00
 -5.20680656e+00  6.13010108e+00
 -9.38574720e+00 -4.42204630e+00
 -6.25360510e+00  3.30271315e+00
 -5.57638195e+00  5.23964163e+00
  3.61489179e+00 -1.02617501e+01
  3.20883366e+00 -1.03215291e+01
 -8.54344856e-01 -6.29829575e+00
 -5.79028130e+00  6.08059385e+00
 -5.32076126e+00  5.78369759e+00
 -6.37415134e+00 -3.42223308e+00
  6.75515168e-01 -6.08629096e+00
 -4.35698666e+00  3.03485788e+00
 -6.38133112e+00  5.03248550e+00
 -8.00339266e+00 -4.10284957e+00
 -7.92361872e+00 -5.33536217e+00
 -5.71521155e+00  3.25067875e+00
 -1.55283350e+00 -5.09099114e+00
 -5.37677086e+00  2.92886092e+00
  4.36023988e+00 -8.87785212e+00
 -5.67523639e-01 -6.68350268e+00
 -2.98991723e-01 -6.07447221e+00
 -6.53625934e+00  1.23858605e+00
 -1.82380082e+00 -6.15848100e+00
 -2.02723475e+00 -8.06843882e+00
  1.07572094e+00  9.09608222e+00
 -6.40909745e+00  6.33929943e+00
 -8.32369108e+00  4.64871818e+00
 -4.62957618e+00  5.94970880e+00
 -5.84786608e+00  5.21778145e+00
  3.39354475e+00 -9.68183163e+00
  4.38925492e+00 -8.27337144e+00
 -5.83581406e-01 -5.59847879e+00
  3.51463103e-01  5.92097221e+00
 -3.54245113e-01 -7.70156936e+00
  1.19617913e+00  8.85672340e+00
 -9.56003171e-02 -9.14704969e+00
  4.10874669e+00 -8.44665472e+00
 -1.99882018e+00 -6.38501126e+00
  3.84895256e+00 -8.05885309e+00
 -1.94035303e+00 -6.33671966e+00
 -9.90170659e-01 -6.69006920e+00
 -1.49772834e+00 -7.35489641e+00
  2.73730758e-01  7.11342312e+00
 -7.32857536e+00  4.21373079e+00
 -1.78246730e+00 -5.92186325e+00
 -1.00933955e+00 -7.24656126e+00
  1.93749699e+00  7.97054083e+00
 -6.13089028e+00  5.03261382e+00
 -3.13743564e-01  8.06722554e+00
 -5.05551015e+00  3.17428789e+00
 -7.46227134e+00 -4.70905452e+00
 -1.00210889e+01 -3.59474014e+00
  6.31957581e+00 -8.77261513e+00
  3.20687083e+00 -9.02014390e+00
 -4.66894585e-01 -7.23863590e+00
 -9.45512280e+00 -2.47256774e+00
 -6.29579919e+00  3.27105748e+00
 -2.49570093e+00 -6.89527217e+00
 -4.62997805e-01 -6.51785792e+00
 -6.74897778e+00  4.84940154e+00
 -5.35866192e+00  6.04963139e+00
  3.99540353e+00 -8.66540473e+00
 -6.84838094e+00  6.05439058e+00
  3.25423002e+00 -1.06991541e+01
 -5.20274619e+00  4.97767161e+00
 -2.24262844e-01 -6.06168795e+00
  4.23101679e+00 -9.17329584e+00
  1.84146073e+00 -6.62126618e+00
  3.39132806e+00 -1.12589703e+01
  1.77868483e-01 -5.38198534e+00
 -5.67887637e+00  3.98914717e+00
  4.51120621e+00 -9.50163033e+00
 -6.09873893e-01 -6.13133813e+00
 -4.17744485e-01 -6.15090481e+00
 -7.24895654e+00  5.48046124e+00
 -9.77571061e-01 -7.26713060e+00
  3.12163501e+00 -9.30308854e+00
 -5.21071126e+00  2.98403083e+00
 -7.04916279e+00  4.42462189e+00
 -4.95938119e+00  6.30632597e+00
 -1.13296732e+00  6.51818048e+00
 -6.86031216e+00  5.75668474e+00
  3.13519293e-01  6.49857270e+00
  1.96792555e+00  7.46658182e+00
 -7.69769916e-01 -5.11523585e+00
  3.06442085e+00 -9.24161324e+00
  3.49362628e+00 -9.53708950e+00
 -9.04559134e-01 -5.92053323e+00
  4.77651605e-01  7.61419113e+00
  1.23915227e+00  6.97550203e+00
 -8.65916419e+00 -4.28694041e+00
 -1.95916168e+00 -4.59470246e+00
 -5.57574445e+00  6.15846659e+00
 -8.88249570e+00 -3.12913677e+00
 -1.00882918e+01 -3.55559653e+00
  2.66473574e+00 -9.02942323e+00
 -8.52418923e+00 -3.06773381e+00
 -1.27595833e+00 -5.20638944e+00
  1.87311761e+00  6.84541983e+00